Pos	A	C	G	T
1	0.43326441534574	0.05955662761314	0.37692396048702	0.1302549965541
2	0.761994491955354	0.00840701550949403	0.176329902884479	0.0532685896506736
3	0.00218616401088219	0.956519626894675	0.000631558492032647	0.0406626506024098
4	0.882013750277223	0.015080949212686	0.0482738227249212	0.0546314777851702
5	0.0809889173060531	0.017713365539452	0.00648858577247321	0.894809131382022
6	0.000392099201097879	9.80248002744688e-05	0.999509875998628	0.0
7	0.012530169978945	0.616956811996101	0.0055974939660042	0.36491552405895
8	0.0569230056088626	0.801279376999024	0.0193297177026839	0.122467899689429
9	0.0604381103193447	0.626814462918977	0.113539192399049	0.199208234362629
10	0.221360004598491	0.0847272518250273	0.572167615106052	0.12174512847043
11	0.151019720209001	0.0318557222315862	0.751980448339794	0.0651441092196193
12	0.440121429899012	0.00161080478285111	0.546496499597302	0.011771265720835
13	0.0	0.999741668819426	0.000206664944458799	5.16662361146988e-05
14	0.892179195140471	0.017256850969835	0.010837302409056	0.0797266514806381
15	0.0917269802975473	0.00593084036992362	0.00447326095697631	0.897868918375553
16	0.01558850169233	0.0015731515469324	0.979596701148877	0.00324164561186059
17	0.0396088680605619	0.15041456380678	0.00522710886806059	0.804749459264598
18	0.0714563106796119	0.445776699029129	0.0400485436893199	0.442718446601939
