Pos	A	C	G	T
1	0.222222222222222	0.277777777777778	0.333333333333333	0.166666666666667
2	0.277777777777778	0.111111111111111	0.111111111111111	0.5
3	0.111111111111111	0.333333333333333	0.222222222222222	0.333333333333333
4	0.222222222222222	0.333333333333333	0.222222222222222	0.222222222222222
5	0.333333333333333	0.277777777777778	0.222222222222222	0.166666666666667
6	0.5	0.0555555555555556	0.111111111111111	0.333333333333333
7	0.722222222222222	0.111111111111111	0.111111111111111	0.0555555555555556
8	0.388888888888889	0.166666666666667	0.166666666666667	0.277777777777778
9	0.888888888888889	0.111111111111111	0.0	0.0
10	0.0	0.0	0.0555555555555556	0.944444444444444
11	0.0	0.0	1.0	0.0
12	0.166666666666667	0.0555555555555556	0.722222222222222	0.0555555555555556
13	0.333333333333333	0.222222222222222	0.111111111111111	0.333333333333333
14	0.166666666666667	0.277777777777778	0.388888888888889	0.166666666666667
15	0.333333333333333	0.166666666666667	0.166666666666667	0.333333333333333
16	0.0555555555555556	0.277777777777778	0.277777777777778	0.388888888888889
17	0.277777777777778	0.333333333333333	0.222222222222222	0.166666666666667
