Pos	A	C	G	T
1	0.195565	0.080645	0.614919	0.108871
2	0.0604839395160605	0.883064116935883	0.0282259717740282	0.0282259717740282
3	0.002016	0.997984	0.0	0.0
4	0.602822397177603	0.0120969879030121	0.314515685484314	0.0705649294350706
5	0.0201610201610202	0.629032629032629	0.346774346774347	0.00403200403200403
6	0.084677	0.616935	0.070565	0.227823
7	0.870968	0.028226	0.080645	0.020161
8	0.004032	0.002016	0.993952	0.0
9	0.33871	0.006048	0.653226	0.002016
10	0.030242	0.076613	0.641129	0.252016
11	0.00604800604800605	0.00201600201600202	0.987903987903988	0.00403200403200403
12	0.106854893145107	0.0584679415320585	0.774193225806774	0.0604839395160605
13	0.0725809274190726	0.854838145161855	0.0161289838710161	0.0564519435480565
14	0.258065	0.018145	0.701613	0.022177
15	0.052419	0.635081	0.274194	0.038306
