Pos	A	C	G	T
1	0.072	0.398	0.14	0.39
2	0.124	0.18	0.548	0.148
3	0.194	0.08	0.6	0.126
4	0.076	0.828	0.052	0.044
5	0.014	0.98	0.004	0.002
6	0.73	0.006	0.208	0.056
7	0.018	0.596	0.374	0.012
8	0.126	0.572	0.108	0.194
9	0.856	0.048	0.074	0.022
10	0.014	0.012	0.968	0.006
11	0.33	0.004	0.664	0.002
12	0.034	0.044	0.496	0.426
13	0.01	0.0	0.984	0.006
14	0.038	0.02	0.864	0.078
15	0.054	0.892	0.006	0.048
