Pos	A	C	G	T
1	0.198	0.066	0.602	0.134
2	0.062	0.856	0.034	0.048
3	0.002	0.99	0.0	0.008
4	0.672	0.024	0.214	0.09
5	0.022	0.622	0.336	0.02
6	0.108	0.53	0.074	0.288
7	0.91	0.018	0.05	0.022
8	0.0	0.0	0.998	0.002
9	0.388	0.012	0.592	0.008
10	0.042	0.032	0.644	0.282
11	0.008	0.004	0.982	0.006
12	0.112	0.05	0.804	0.034
13	0.118	0.804	0.026	0.052
14	0.312	0.024	0.652	0.012
15	0.074	0.568	0.304	0.054
