Pos	A	C	G	T
1	0.207039207039207	0.0786750786750787	0.585921585921586	0.128364128364128
2	0.070393	0.861284	0.026915	0.041408
3	0.0	1.0	0.0	0.0
4	0.747411252588747	0.0186339813660186	0.146997853002147	0.086956913043087
5	0.0269150269150269	0.643892643892644	0.327122327122327	0.00207000207000207
6	0.093168	0.517598	0.076605	0.312629
7	0.894409105590894	0.028985971014029	0.0559009440990559	0.0207039792960207
8	0.004141	0.0	0.995859	0.0
9	0.432712	0.004141	0.559006	0.004141
10	0.022774	0.020704	0.592133	0.364389
11	0.0	0.006211	0.993789	0.0
12	0.0559009440990559	0.0248449751550248	0.853001146998853	0.0662529337470663
13	0.128364	0.78882	0.018634	0.064182
14	0.362319	0.022774	0.585921	0.028986
15	0.0662529337470663	0.583850416149584	0.293995706004294	0.0559009440990559
