Pos	A	C	G	T
1	0.0852390852390852	0.363825363825364	0.135135135135135	0.415800415800416
2	0.178794178794179	0.174636174636175	0.461538461538462	0.185031185031185
3	0.234927	0.070686	0.573805	0.120582
4	0.081081	0.852391	0.035343	0.031185
5	0.0	1.0	0.0	0.0
6	0.723493	0.02079	0.172557	0.08316
7	0.029106	0.632017	0.330561	0.008316
8	0.106029	0.54262	0.054054	0.297297
9	0.887734	0.024948	0.064449	0.022869
10	0.002079	0.0	0.997921	0.0
11	0.417879	0.004158	0.569647	0.008316
12	0.027027	0.04158	0.586279	0.345114
13	0.0	0.002079	0.997921	0.0
14	0.110187	0.047817	0.81289	0.029106
15	0.08316	0.823285	0.012474	0.081081
