Pos	A	C	G	T
1	0.252	0.058	0.552	0.138
2	0.076	0.854	0.018	0.052
3	0.004	0.994	0.0	0.002
4	0.768	0.024	0.136	0.072
5	0.05	0.638	0.298	0.014
6	0.146	0.442	0.052	0.36
7	0.902	0.014	0.046	0.038
8	0.002	0.006	0.986	0.006
9	0.462	0.012	0.514	0.012
10	0.028	0.028	0.598	0.346
11	0.016	0.0	0.982	0.002
12	0.152	0.044	0.742	0.062
13	0.126	0.748	0.018	0.108
14	0.432	0.008	0.528	0.032
15	0.082	0.486	0.392	0.04
