Pos	A	C	G	T
1	0.103529	0.376471	0.117647	0.402353
2	0.167058832941167	0.1999998000002	0.454117545882454	0.178823821176179
3	0.228235228235228	0.072941072941073	0.588235588235588	0.110588110588111
4	0.063529	0.837647	0.054118	0.044706
5	0.0	1.0	0.0	0.0
6	0.663529	0.030588	0.207059	0.098824
7	0.028235	0.623529	0.331765	0.016471
8	0.124706	0.550588	0.084706	0.24
9	0.887059887059887	0.0211760211760212	0.0635290635290635	0.0282350282350282
10	0.0	0.0	1.0	0.0
11	0.329412	0.002353	0.663529	0.004706
12	0.037647	0.035294	0.611765	0.315294
13	0.0	0.004706	0.995294	0.0
14	0.051765	0.032941	0.870588	0.044706
15	0.089412	0.828235	0.028235	0.054118
16	0.331764668235332	0.0117649882350118	0.642352357647642	0.0141179858820141
17	0.0611760611760612	0.621176621176621	0.277647277647278	0.04000004000004
18	0.091765	0.449412	0.075294	0.383529
