Pos	A	C	G	T
1	0.073222	0.828452	0.046025	0.052301
2	0.0	0.997908	0.0	0.002092
3	0.713389	0.020921	0.1841	0.08159
4	0.037657	0.621339	0.328452	0.012552
5	0.112971	0.504184	0.060669	0.322176
6	0.891213	0.023013	0.056485	0.029289
7	0.0	0.0	1.0	0.0
8	0.424686	0.006276	0.562762	0.006276
9	0.037657	0.037657	0.575314	0.349372
10	0.01046	0.0	0.98954	0.0
11	0.0941420941420942	0.0481170481170481	0.80962380962381	0.0481170481170481
12	0.073222	0.824268	0.016736	0.085774
13	0.389121389121389	0.0125520125520126	0.596234596234596	0.00209200209200209
14	0.056485	0.573222	0.338912	0.031381
15	0.117155	0.395397	0.085774	0.401674
