Pos	A	C	G	T
1	0.214	0.078	0.584	0.124
2	0.066	0.844	0.062	0.028
3	0.012	0.976	0.004	0.008
4	0.678	0.042	0.2	0.08
5	0.012	0.622	0.348	0.018
6	0.08	0.546	0.094	0.28
7	0.892	0.01	0.062	0.036
8	0.0	0.002	0.998	0.0
9	0.388	0.002	0.606	0.004
10	0.022	0.04	0.674	0.264
11	0.006	0.0	0.994	0.0
12	0.102	0.056	0.802	0.04
13	0.096	0.796	0.044	0.064
14	0.308	0.024	0.642	0.026
15	0.064	0.56	0.324	0.052
