Pos	A	C	G	T
1	0.256	0.082	0.544	0.118
2	0.074	0.826	0.058	0.042
3	0.014	0.982	0.002	0.002
4	0.68	0.03	0.172	0.118
5	0.024	0.576	0.396	0.004
6	0.098	0.518	0.062	0.322
7	0.91	0.01	0.062	0.018
8	0.006	0.004	0.988	0.002
9	0.39	0.004	0.594	0.012
10	0.036	0.036	0.626	0.302
11	0.028	0.0	0.97	0.002
12	0.088	0.03	0.834	0.048
13	0.112	0.776	0.016	0.096
14	0.338	0.01	0.608	0.044
