Pos	A	C	G	T
1	0.0181056293485136	0.147770398481973	0.099067046173308	0.735056925996205
2	0.0190437270126686	0.0561503882304863	0.00678381691867593	0.918022067838169
3	0.0	0.0	0.000921813458476494	0.999078186541523
4	0.0946809663091756	0.832629184270393	0.0716065431697541	0.00108330625067707
5	0.76789338981555	0.00026476039184538	0.231753596328656	8.825346394846e-05
6	0.00165543336880691	0.994797209412321	0.00260139529383942	0.000945961925032517
7	0.989780856137164	0.00079482230044283	0.00840240717610991	0.00102191438628364
8	0.000594247682434039	0.998217256952698	0.000831946755407654	0.000356548609460423
9	0.01175036027048	0.916749806008203	0.000443409821527547	0.0710564238997894
10	0.00754515661916012	0.0290374209282829	0.0466427863729899	0.916774636079567
11	0.0679180542940761	0.481885154909678	0.0690281562216167	0.381168634574629
12	0.483949121744397	0.0462346052897234	0.0508782556026651	0.418938017363214
13	0.371399835421048	0.0320928956752309	0.595958672396452	0.000548596507268904
14	0.989008548906406	0.00488508937493061	0.00521816365049406	0.000888198068169202
15	0.0423605832354364	0.00684126874438532	0.675696220026259	0.275101927993919
16	0.000217517401392111	0.0	0.999564965197216	0.000217517401392111
17	0.00332360570687419	0.00575551232166018	0.0204280155642023	0.970492866407263
18	0.000507872016251904	0.000362765725894218	0.99876659653196	0.000362765725894218
19	0.00879275477006946	0.233359711597644	0.00290160907412292	0.754945924558164
20	0.00127406568516421	0.037797281993205	0.937216874292186	0.0237117780294451
21	0.985030269675289	0.0114474408365438	0.00220143093010457	0.00132085855806274
22	0.356352891515407	0.00303925707049388	0.601772899957788	0.0388349514563107
23	0.709115058940727	0.00622613315623443	0.28399468703304	0.00066412086999834
