Pos	A	C	G	T
1	0.0	0.0130456598093327	0.00351229302558956	0.983442047165078
2	0.0917343526039178	0.897276636407071	0.00692785475394171	0.00406115623506928
3	0.980740740740741	0.000888888888888889	0.00859259259259259	0.00977777777777778
4	0.00110668437361664	0.99402390438247	0.0030987162461266	0.00177069499778663
5	0.893827160493827	0.00699588477366255	0.0975308641975309	0.00164609053497942
6	0.000512952038984355	0.997435239805078	0.00128238009746089	0.000769428058476532
7	0.0103117505995204	0.936690647482014	0.0203836930455636	0.0326139088729017
8	0.041382252559727	0.0708191126279863	0.0	0.887798634812287
9	0.10730421686747	0.225150602409639	0.0376506024096386	0.629894578313253
10	0.0904088050314465	0.0959119496855346	0.232311320754717	0.581367924528302
11	0.192562592047128	0.169366715758468	0.205081001472754	0.43298969072165
12	0.682835820895522	0.0128900949796472	0.0793758480325644	0.224898236092266
13	0.187689202825429	0.0131180625630676	0.744029599730912	0.055163134880592
14	0.00149198060425214	0.020141738157404	0.969787392763894	0.00857888847444983
15	0.000908677873693776	0.00408905043162199	0.000454338936846888	0.994547932757837
16	0.001171875	0.0	0.9984375	0.000390625
17	0.00176756517896597	0.00530269553689792	0.00220945647370747	0.990720282810429
18	0.0110202630643441	0.190899395662993	0.654461429079275	0.143618912193388
19	0.974860335195531	0.0	0.0232774674115456	0.00186219739292365
