Pos	A	C	G	T
1	0.367924632075368	0.122641877358123	0.367924632075368	0.141508858491142
2	0.358491	0.018868	0.471698	0.150943
3	0.45283	0.066038	0.481132	0.0
4	0.462264	0.0	0.301887	0.235849
5	0.273585	0.150943	0.54717	0.028302
6	0.45283	0.056604	0.377358	0.113208
7	0.264151	0.254717	0.396226	0.084906
8	0.367925	0.198113	0.264151	0.169811
9	0.547169452830547	0.0849059150940849	0.349056650943349	0.0188679811320189
10	0.433962	0.0	0.481132	0.084906
11	0.33018866981133	0.0188679811320189	0.566037433962566	0.0849059150940849
12	0.424528	0.009434	0.556604	0.009434
13	0.273585	0.037736	0.556604	0.132075
14	0.632075	0.0	0.349057	0.018868
15	0.367925	0.141509	0.358491	0.132075
16	0.386792	0.037736	0.575472	0.0
17	0.216981	0.0	0.584906	0.198113
18	0.132075	0.04717	0.754717	0.066038
19	0.698113	0.122642	0.179245	0.0
20	0.613208	0.0	0.198113	0.188679
21	0.028302	0.301887	0.650943	0.018868
22	0.537735462264538	0.122641877358123	0.066037933962066	0.273584726415274
23	0.320754679245321	0.264150735849264	0.301886698113302	0.113207886792113
24	0.547169452830547	0.103773896226104	0.0	0.349056650943349
25	0.169811	0.103774	0.462264	0.264151
26	0.207547	0.0	0.622642	0.169811
27	0.330189	0.160377	0.386792	0.122642
28	0.481132481132481	0.150943150943151	0.216981216981217	0.150943150943151
29	0.415094	0.066038	0.424528	0.09434
30	0.509434	0.103774	0.216981	0.169811
