Pos	A	C	G	T
1	0.292903709127516	0.059627065093675	0.509307175234808	0.138162050544001
2	0.162884677659753	0.0413022351552655	0.638164075221916	0.157649011963065
3	0.0139617751911691	0.208260447031053	0.0087261094944807	0.769051668283297
4	0.0	0.175684321370268	0.0174522189889614	0.806863459640771
5	0.927283770664604	0.0087261094944807	0.0139617751911691	0.0500283446497462
6	0.796975218665636	0.0471209912701958	0.147177680569688	0.0087261094944807
7	0.138598356018725	0.00654458212086053	0.0327229106043026	0.822134151256112
8	0.412157839314866	0.0401401036746112	0.538975947516042	0.0087261094944807
9	0.491418650771123	0.0562834062394005	0.162158851653823	0.290139091335654
10	0.151251214785722	0.0	0.0674805636387076	0.78126822157557
11	0.04973882411854	0.113439423428249	0.0130891642417211	0.82373258821149
12	0.567189018429587	0.108203757731561	0.146015549089034	0.178591674749819
13	0.794063815930256	0.0383948817757151	0.036649659876819	0.130891642417211
14	0.114312034377697	0.682080093869696	0.0794075963997744	0.124200275352832
