Pos	A	C	G	T
1	0.399719474918354	0.1958661560777	0.277888536262595	0.126525832741351
2	0.188168171547429	0.297218054595839	0.410086451684308	0.104527322172424
3	0.25135157477008	0.355120135263656	0.274308546791977	0.119219743174287
4	0.613389730143231	0.0348703556480179	0.304587889671873	0.0471520245368775
5	0.0270664351927462	0.00558989373901178	0.0558466592550051	0.911497011813239
6	0.00632182652291483	0.0642686120992164	0.922167960914122	0.00724160046374875
7	0.934867042647949	0.00874432971919572	0.0187452520054462	0.0376433756274114
8	0.0583212644108935	0.773793974727908	0.146477346252353	0.0214074146088458
9	0.117939364731258	0.0370301571555506	0.040131111521352	0.804899366591841
10	0.0708192667158225	0.813666454883246	0.0664190694820112	0.049095208918921
11	0.7975833654812	0.0566901930092467	0.0740056292174489	0.0717208122921058
12	0.0520978005863506	0.00671694068059701	0.903449077918693	0.0377361808143597
13	0.0202609358234402	0.857150107436301	0.0270750357231393	0.0955139210171207
14	0.703472093890001	0.050293735896977	0.100605010331117	0.145629159881905
