Pos	A	C	G	T
1	0.29906466988432	0.144398082707754	0.0416381228886534	0.514899124519273
2	0.320165783835348	0.0	0.61062537968803	0.0692088364766213
3	0.179307568716736	0.0400207229794186	0.0	0.780671708303846
4	0.0	0.822614898963171	0.0973436550779925	0.0800414459588371
5	0.702552730024915	0.0	0.240124337876511	0.0573229320985739
6	0.200103614897093	0.511359256930132	0.0919273503368845	0.196609777835891
7	0.0973436550779925	0.120062168938256	0.519751324246977	0.262842851736775
8	0.137364378057411	0.585984398147861	0.05924539977848	0.217405824016248
9	0.497550884872178	0.0938498180167907	0.257426546995667	0.151172750115365
10	0.0	0.137364378057411	0.0400207229794186	0.82261489896317
11	0.0400207229794186	0.29587590059379	0.584061930467955	0.0800414459588371
12	0.826108736024372	0.0192246767990615	0.154666587176566	0.0
13	0.17738510103683	0.454036324831558	0.173891263975628	0.194687310155985
14	0.0919273503368845	0.200103614897093	0.160082891917674	0.547886142848348
15	0.17738510103683	0.182801405777937	0.462428392148403	0.17738510103683
16	0.534077770790395	0.252010242254559	0.156589054856472	0.0573229320985739
17	0.335896623573208	0.0573229320985739	0.274728756114822	0.332051688213396
18	0.173891263975628	0.412093134172233	0.182801405777937	0.231214196074202
