Pos	A	C	G	T
1	0.03	0.191	0.012	0.767
2	0.414	0.017	0.564	0.005
3	0.009	0.002	0.988	0.001
4	0.858	0.01	0.131	0.001
5	0.001	0.001	0.997	0.001
6	0.001	0.997	0.001	0.001
7	0.079	0.001	0.919	0.001
8	0.075	0.796	0.015	0.114
9	0.427	0.03	0.528	0.015
10	0.112	0.356	0.112	0.42
11	0.067	0.02	0.001	0.912
12	0.007	0.015	0.005	0.973
13	0.084	0.014	0.815	0.087
14	0.043	0.897	0.02	0.04
15	0.547	0.079	0.099	0.275
