Pos	A	C	G	T
1	0.073	0.421	0.064	0.442
2	0.058	0.003	0.155	0.784
3	0.001	0.001	0.993	0.005
4	0.019	0.005	0.96	0.016
5	0.155	0.784	0.053	0.008
6	0.513	0.194	0.029	0.264
7	0.197	0.352	0.271	0.18
8	0.304	0.211	0.222	0.262
9	0.208	0.257	0.356	0.179
10	0.275	0.033	0.186	0.506
11	0.011	0.043	0.782	0.164
12	0.014	0.964	0.004	0.019
13	0.003	0.995	0.001	0.001
14	0.783	0.158	0.003	0.056
15	0.47	0.038	0.426	0.067
16	0.213	0.201	0.473	0.113
