Pos	A	C	G	T
1	0.308	0.337	0.188	0.167
2	0.522	0.002	0.274	0.202
3	0.141	0.008	0.8	0.051
4	0.395	0.189	0.249	0.167
5	0.785	0.049	0.086	0.08
6	0.046	0.73	0.129	0.095
7	0.569	0.048	0.15	0.233
8	0.155	0.182	0.339	0.324
9	0.293	0.206	0.186	0.315
10	0.204	0.482	0.147	0.167
11	0.245	0.035	0.001	0.719
12	0.019	0.109	0.838	0.034
13	0.09	0.084	0.07	0.756
14	0.176	0.253	0.211	0.36
15	0.113	0.624	0.025	0.238
