Pos	A	C	G	T
1	0.049	0.003	0.942	0.006
2	0.005	0.041	0.019	0.935
3	0.037	0.202	0.011	0.75
4	0.125	0.062	0.654	0.159
5	0.001	0.916	0.004	0.079
6	0.001	0.884	0.001	0.114
7	0.81	0.075	0.052	0.063
8	0.066	0.055	0.071	0.808
9	0.119	0.001	0.879	0.001
10	0.083	0.003	0.912	0.002
11	0.156	0.649	0.063	0.132
12	0.743	0.01	0.204	0.043
13	0.933	0.021	0.041	0.005
14	0.005	0.943	0.004	0.048
15	0.254	0.387	0.234	0.125
