Pos	A	C	G	T
1	0.432	0.215	0.28	0.073
2	0.056	0.029	0.025	0.89
3	0.028	0.042	0.798	0.132
4	0.756	0.044	0.105	0.095
5	0.07	0.58	0.144	0.206
6	0.197	0.177	0.569	0.057
7	0.119	0.105	0.026	0.75
8	0.131	0.825	0.028	0.016
9	0.908	0.02	0.025	0.047
10	0.062	0.283	0.226	0.429
11	0.188	0.379	0.195	0.239
12	0.228	0.276	0.287	0.209
