Pos	A	C	G	T
1	0.092	0.053	0.043	0.812
2	0.094	0.105	0.738	0.063
3	0.387	0.104	0.171	0.338
4	0.035	0.957	0.002	0.006
5	0.001	0.997	0.001	0.001
6	0.015	0.291	0.001	0.693
7	0.064	0.449	0.199	0.288
8	0.567	0.084	0.29	0.059
9	0.23	0.214	0.377	0.179
10	0.343	0.219	0.226	0.212
11	0.109	0.077	0.091	0.723
12	0.146	0.118	0.667	0.069
13	0.571	0.259	0.139	0.031
14	0.147	0.786	0.012	0.055
15	0.099	0.771	0.001	0.129
