Pos	A	C	G	T
1	0.08	0.014	0.865	0.041
2	0.401	0.131	0.288	0.179
3	0.935	0.018	0.026	0.021
4	0.007	0.972	0.015	0.006
5	0.846	0.009	0.044	0.101
6	0.16	0.228	0.403	0.21
7	0.397	0.165	0.179	0.259
8	0.397	0.249	0.231	0.123
9	0.079	0.135	0.019	0.767
10	0.027	0.008	0.963	0.002
11	0.02	0.015	0.008	0.957
12	0.16	0.287	0.12	0.433
13	0.013	0.924	0.005	0.058
14	0.113	0.262	0.006	0.619
15	0.163	0.231	0.373	0.232
