Pos	A	C	G	T
1	0.142	0.066	0.628	0.164
2	0.13	0.046	0.746	0.078
3	0.07	0.834	0.034	0.062
4	0.324	0.104	0.072	0.5
5	0.024	0.554	0.404	0.018
6	0.378	0.168	0.084	0.37
7	0.018	0.006	0.964	0.012
8	0.026	0.018	0.128	0.828
9	0.768	0.076	0.092	0.064
10	0.078	0.438	0.42	0.064
11	0.056	0.68	0.038	0.226
12	0.85	0.004	0.072	0.074
13	0.008	0.006	0.956	0.03
14	0.134	0.048	0.598	0.22
15	0.162	0.686	0.062	0.09
16	0.296	0.164	0.088	0.452
17	0.074	0.658	0.142	0.126
