Pos	A	C	G	T
1	0.156	0.044	0.736	0.064
2	0.116	0.1	0.098	0.686
3	0.028	0.844	0.082	0.046
4	0.296	0.14	0.032	0.532
5	0.06	0.0	0.926	0.014
6	0.936	0.002	0.042	0.02
7	0.056	0.09	0.476	0.378
8	0.05	0.012	0.934	0.004
9	0.01	0.002	0.974	0.014
10	0.538	0.242	0.118	0.102
11	0.192	0.004	0.798	0.006
12	0.014	0.014	0.94	0.032
13	0.778	0.134	0.046	0.042
14	0.06	0.016	0.91	0.014
15	0.08	0.04	0.834	0.046
