Pos	A	C	G	T
1	0.325117	0.38869	0.140477	0.145717
2	0.38185	0.188163	0.211391	0.218597
3	0.270004	0.16424	0.36646	0.199296
4	0.069057	0.291366	0.324094	0.315482
5	0.470078	0.170592	0.241901	0.117429
6	0.154837	0.087952	0.713356	0.043855
7	0.009867	0.974185	0.009398	0.006551
8	0.957687	0.010225	0.011719	0.020369
9	0.006801	0.125541	0.814713	0.052946
10	0.05584	0.757604	0.179387	0.007169
11	0.029552	0.009797	0.009431	0.95122
12	0.008753	0.006928	0.968608	0.01571
13	0.079051	0.44639	0.180389	0.294171
14	0.103546	0.226037	0.199152	0.471265
15	0.302265	0.123681	0.481867	0.092186
16	0.414127	0.241465	0.193689	0.150718
17	0.316144	0.18903	0.325691	0.169135
