Pos	A	C	G	T
1	0.187661	0.411311	0.264781	0.136247
2	0.190231	0.349614	0.298201	0.161954
3	0.218509	0.308483	0.33419	0.138817
4	0.169666	0.231362	0.475578	0.123393
5	0.200514	0.354756	0.311054	0.133676
6	0.303342	0.215938	0.298201	0.182519
7	0.079692	0.095116	0.501285	0.323907
8	0.023136	0.501285	0.44473	0.030848
9	0.22365	0.737789	0.03856	0.0
10	0.020566	0.172237	0.012853	0.794344
11	1.0	0.0	0.0	0.0
12	0.0	0.007712	0.992288	0.0
13	0.971722	0.020566	0.007712	0.0
14	0.069409	0.012853	0.902314	0.015424
15	0.323907	0.383033	0.159383	0.133676
16	0.069409	0.033419	0.817481	0.079692
17	0.07455	0.125964	0.596401	0.203085
18	0.192802	0.722365	0.017995	0.066838
19	0.113111	0.501285	0.190231	0.195373
20	0.14653	0.419023	0.313625	0.120823
