Pos	A	C	G	T
1	0.460669	0.224549	0.119509	0.195273
2	0.572333	0.178383	0.085403	0.163881
3	0.507939	0.299011	0.047814	0.145237
4	0.779135	0.036917	0.133551	0.050396
5	0.906374	0.01913	0.067214	0.007283
6	0.185654	0.441833	0.168533	0.20398
7	0.005402	0.935487	0.001954	0.057157
8	0.949259	0.005291	0.037948	0.007501
9	0.959129	0.007706	0.002306	0.030858
10	0.004205	0.003214	0.003349	0.989233
11	0.00403	0.004992	0.002891	0.988088
12	0.982325	0.001849	0.004384	0.011442
13	0.726125	0.0243	0.14197	0.107605
14	0.101523	0.329584	0.347085	0.221809
15	0.391327	0.211865	0.147627	0.249181
16	0.323627	0.271114	0.12455	0.280707
