Pos	A	C	G	T
1	0.103582554517134	0.346573208722741	0.16082554517134	0.389018691588785
2	0.114597093791281	0.0244385733157199	0.848414795244386	0.0125495376486129
3	0.0202205882352941	0.787071078431373	0.0655637254901961	0.127144607843137
4	0.000775494377665762	0.0	0.996122528111671	0.00310197751066305
5	0.000760167236792094	0.00532117065754466	0.0174838464462182	0.976434815659445
6	0.986559139784946	0.00268817204301075	0.010752688172043	0.0
7	0.722741433021807	0.0249221183800623	0.158878504672897	0.0934579439252336
8	0.0315420560747664	0.463785046728972	0.122274143302181	0.382398753894081
9	0.394316854807318	0.144803425457376	0.284157259634099	0.176722460101207
10	0.0611370716510903	0.711448598130841	0.0260903426791277	0.201323987538941
11	0.373442367601246	0.00272585669781931	0.623442367601246	0.000389408099688474
12	0.0	0.0	1.0	0.0
13	0.121335504885993	0.0700325732899023	0.11129207383279	0.697339847991314
14	0.752930832356389	0.00644783118405627	0.194607268464244	0.0460140679953107
15	0.0136830102622577	0.00456100342075257	0.976434815659445	0.00532117065754466
16	0.0197435897435897	0.658717948717949	0.128974358974359	0.192564102564103
