Pos	A	C	G	T
1	0.205512572533849	0.244257736943907	0.358861218568665	0.191368471953578
2	0.426246289282424	0.103695362882588	0.420565052717781	0.0494932951172075
3	0.00625358278180207	0.130960446088905	0.000573245088331857	0.862212726040961
4	0.0268984067866749	0.0239499275812125	0.855834885164494	0.0933167804676185
5	0.944133759415659	0.00810317279160009	0.0138666971011185	0.0338963706916229
6	0.00857035727676897	0.464245540735979	0.105201135572339	0.421982966414912
7	0.0317637669592977	0.0785315243415802	0.880287310454908	0.00941739824421389
8	0.0287405353524581	0.0860616401834275	0.00298602964700864	0.882211794817106
9	0.440469928108013	0.52656496580747	0.0194049915249284	0.0135601145595885
10	0.814583230761656	0.0153611343606913	0.138151740436217	0.0319038944414357
11	0.0452234797621331	0.320976405140994	0.161327450604259	0.472472664492615
12	0.173597678916828	0.261786750483559	0.360311895551257	0.204303675048356
