Pos	A	C	G	T
1	0.231285988483685	0.224088291746641	0.344769673704415	0.199856046065259
2	0.121683876092137	0.0630659253375695	0.661953931691819	0.153296266878475
3	0.201823854091673	0.244540436765059	0.215502759779218	0.338132949364051
4	0.819469026548673	0.0342182890855457	0.0888888888888889	0.0574237954768928
5	0.0	0.93978349120433	0.0115020297699594	0.0487144790257104
6	0.462428919577579	0.0446791226645004	0.383834281072299	0.109057676685621
7	0.148752399232246	0.332773512476008	0.208253358925144	0.310220729366603
8	0.22702183825294	0.26661867050636	0.271658267338613	0.234701223902088
9	0.299807969275084	0.216034565530485	0.341094575132021	0.14306289006241
10	0.0969208514155817	0.380863814837776	0.0419508162843563	0.480264517462286
11	0.0437890974084004	0.0214477211796247	0.930965147453083	0.00379803395889187
12	0.0543753654258429	0.106022217891249	0.0274800233872539	0.812122393295654
13	0.313579654510557	0.226247600767754	0.252879078694818	0.207293666026871
14	0.132179386309992	0.655704169944925	0.0816679779701023	0.13044846577498
15	0.163426925845932	0.369090472762179	0.215022798176146	0.252459803215743
