Pos	A	C	G	T
1	0.225918517738709	0.164438361932835	0.225181598062954	0.384461522265502
2	0.15230475631239	0.279470052847915	0.150469759248385	0.417755431591309
3	0.68773530263539	0.0391326382855488	0.171770923834347	0.101361135244715
4	0.858744293269448	0.0267594810830358	0.0401392216245536	0.0743570040229625
5	0.00155271725519659	0.406210869020786	0.0468820435762584	0.545354370147759
6	0.101969492882886	0.183734391495868	0.691616003494849	0.022680112126397
7	0.00174298096853213	0.0988788392688901	0.00442811381194649	0.894950065950631
8	0.972063037249284	0.000306999590667212	0.0157593123209169	0.0118706508391322
9	0.119085821625641	0.133800336555395	0.00363949438422103	0.743474347434743
10	0.624968100852345	0.00352166590108712	0.344663910580309	0.0268463226662584
11	0.0218522372528616	0.217841991515249	0.428760105659169	0.331545665572721
12	0.335087903989894	0.252394988946205	0.22870828508264	0.183808821981261
