Pos	A	C	G	T
1	0.30893098782138	0.185791610284168	0.15426251691475	0.351014884979702
2	0.0525936599423631	0.0737271853986551	0.0106868395773295	0.862992315081652
3	0.204319288587762	0.530912555579081	0.158797374550074	0.105970781283083
4	0.752385082393755	0.0566999132697311	0.114158716392021	0.0767562879444926
5	0.00255273411258901	0.992744860943168	0.00120918984280532	0.00349321510143759
6	0.706016347313413	0.00361784805038188	0.279780249229532	0.0105855554066729
7	0.131078904991948	0.756951154052603	0.105743424584004	0.00622651637144391
8	0.0886943968239646	0.594333664170351	0.15591446359289	0.161057475412794
9	0.195977196945251	0.407550822846079	0.063568893191352	0.332903087017317
10	0.035048471290082	0.0631369624658215	0.00410141685309471	0.897713149391002
11	0.337278761061947	0.438384955752212	0.149446902654867	0.0748893805309735
12	0.757947514401536	0.052912310646469	0.103584382334116	0.0855557926178792
13	0.0	0.999864682002706	0.00013531799729364	0.0
14	0.870416253716551	0.00210604558969277	0.124752229930624	0.00272547076313181
15	0.0446808510638298	0.914518147684606	0.0312891113892365	0.00951188986232791
16	0.109530583214794	0.632337600758653	0.113798008534851	0.144333807491702
17	0.125155888116872	0.27659005879209	0.050864065562088	0.547389987528951
18	0.215803003653092	0.332160736030307	0.108239751048573	0.343796509268029
