Pos	A	C	G	T
1	0.187891440501044	0.159707724425887	0.320459290187891	0.331941544885177
2	0.0987472365512159	0.0191599115696389	0.176123802505527	0.705969049373618
3	0.00799200799200799	0.018981018981019	0.015984015984016	0.957042957042957
4	0.0163934426229508	0.0270009643201543	0.0327868852459016	0.923818707810993
5	0.0109452736318408	0.953233830845771	0.0248756218905473	0.0109452736318408
6	0.025974025974026	0.957042957042957	0.015984015984016	0.000999000999000999
7	0.889004149377593	0.00311203319502075	0.104771784232365	0.00311203319502075
8	0.00515463917525773	0.127835051546392	0.00721649484536083	0.85979381443299
9	0.00712105798575788	0.0111902339776195	0.974567650050865	0.00712105798575788
10	0.00513874614594039	0.0092497430626927	0.984583761562179	0.00102774922918808
11	0.934634146341463	0.0321951219512195	0.0263414634146341	0.00682926829268293
12	0.941060903732809	0.0255402750491159	0.0235756385068762	0.00982318271119843
13	0.704411764705882	0.160294117647059	0.0352941176470588	0.1
14	0.373695198329854	0.292275574112735	0.179540709812109	0.154488517745303
