Pos	A	C	G	T
1	0.112	0.153	0.075	0.66
2	0.228	0.14	0.593	0.039
3	0.62	0.28	0.05	0.051
4	0.29	0.68	0.017	0.013
5	0.034	0.869	0.025	0.073
6	0.047	0.252	0.124	0.577
7	0.208	0.242	0.116	0.435
8	0.193	0.145	0.216	0.446
9	0.021	0.098	0.018	0.863
10	0.061	0.087	0.824	0.028
11	0.777	0.082	0.099	0.042
12	0.13	0.846	0.008	0.015
13	0.033	0.938	0.013	0.015
14	0.04	0.286	0.114	0.56
15	0.197	0.354	0.131	0.318
