Pos	A	C	G	T
1	0.474	0.116	0.286	0.124
2	0.606	0.01	0.324	0.06
3	0.114	0.05	0.728	0.108
4	0.374	0.026	0.296	0.304
5	0.026	0.0	0.974	0.0
6	0.996	0.002	0.0	0.002
7	0.762	0.01	0.228	0.0
8	0.978	0.004	0.006	0.012
9	0.098	0.028	0.85	0.024
10	0.036	0.226	0.286	0.452
11	0.298	0.118	0.474	0.11
12	0.526	0.158	0.222	0.094
13	0.34	0.138	0.388	0.134
14	0.394	0.108	0.336	0.162
15	0.296	0.102	0.42	0.182
