Pos	A	C	G	T
1	0.512801	0.199548	0.196536	0.0911145
2	0.663404	0.112199	0.142319	0.0820783
3	0.6875	0.0941265	0.118223	0.100151
4	0.530873	0.060994	0.0881024	0.32003
5	0.211596	0.00376506	0.759789	0.0248494
6	0.0158133	0.0489458	0.92244	0.0128012
7	0.0911145	0.741717	0.0850904	0.0820783
8	0.262801	0.184488	0.0128012	0.53991
9	0.0429217	0.865211	0.0248494	0.0670181
10	0.211596	0.389307	0.060994	0.338102
11	0.32003	0.148343	0.314006	0.21762
12	0.0881024	0.0188253	0.859187	0.0338855
13	0.0158133	0.0248494	0.949548	0.00978916
14	0.130271	0.636295	0.112199	0.121235
15	0.181476	0.729669	0.0158133	0.0730422
16	0.0911145	0.807982	0.00978916	0.0911145
17	0.118223	0.286898	0.103163	0.491717
18	0.142319	0.0549699	0.618223	0.184488
19	0.398343	0.133283	0.377259	0.0911145
20	0.127259	0.17244	0.310994	0.389307
21	0.235693	0.0971386	0.527861	0.139307
22	0.0368976	0.0760542	0.810994	0.0760542
23	0.190512	0.160392	0.464608	0.184488
24	0.130271	0.341114	0.0459337	0.482681
25	0.118223	0.148343	0.280873	0.45256
26	0.0489458	0.253765	0.190512	0.506777
27	0.416416	0.359187	0.106175	0.118223
